{
 "cells": [
  {
   "cell_type": "code",
   "execution_count": 1,
   "metadata": {
    "collapsed": true
   },
   "outputs": [],
   "source": [
    "import pandas as pd\n",
    "import numpy as np"
   ]
  },
  {
   "cell_type": "code",
   "execution_count": 2,
   "metadata": {
    "collapsed": true
   },
   "outputs": [],
   "source": [
    "vote=pd.read_csv('voteResult.csv',index_col=0)"
   ]
  },
  {
   "cell_type": "code",
   "execution_count": 3,
   "metadata": {
    "collapsed": true
   },
   "outputs": [],
   "source": [
    "kera=pd.read_csv('keras__test_full.csv',index_col=0)"
   ]
  },
  {
   "cell_type": "code",
   "execution_count": 10,
   "metadata": {
    "collapsed": false
   },
   "outputs": [],
   "source": [
    "cp=(vote+kera)/2"
   ]
  },
  {
   "cell_type": "code",
   "execution_count": 11,
   "metadata": {
    "collapsed": true
   },
   "outputs": [],
   "source": [
    "cp.to_csv('composite.csv')"
   ]
  },
  {
   "cell_type": "code",
   "execution_count": 12,
   "metadata": {
    "collapsed": false
   },
   "outputs": [
    {
     "data": {
      "text/plain": [
       "Index([u'high', u'medium', u'low'], dtype='object')"
      ]
     },
     "execution_count": 12,
     "metadata": {},
     "output_type": "execute_result"
    }
   ],
   "source": [
    "kera.columns"
   ]
  },
  {
   "cell_type": "code",
   "execution_count": 13,
   "metadata": {
    "collapsed": false
   },
   "outputs": [
    {
     "data": {
      "text/plain": [
       "Index([u'high', u'medium', u'low'], dtype='object')"
      ]
     },
     "execution_count": 13,
     "metadata": {},
     "output_type": "execute_result"
    }
   ],
   "source": [
    "vote.columns"
   ]
  },
  {
   "cell_type": "code",
   "execution_count": 14,
   "metadata": {
    "collapsed": false
   },
   "outputs": [
    {
     "data": {
      "text/html": [
       "<div>\n",
       "<table border=\"1\" class=\"dataframe\">\n",
       "  <thead>\n",
       "    <tr style=\"text-align: right;\">\n",
       "      <th></th>\n",
       "      <th>high</th>\n",
       "      <th>medium</th>\n",
       "      <th>low</th>\n",
       "    </tr>\n",
       "    <tr>\n",
       "      <th>listing_id</th>\n",
       "      <th></th>\n",
       "      <th></th>\n",
       "      <th></th>\n",
       "    </tr>\n",
       "  </thead>\n",
       "  <tbody>\n",
       "    <tr>\n",
       "      <th>7142618</th>\n",
       "      <td>0.029356</td>\n",
       "      <td>0.258008</td>\n",
       "      <td>0.712636</td>\n",
       "    </tr>\n",
       "    <tr>\n",
       "      <th>6922984</th>\n",
       "      <td>0.053265</td>\n",
       "      <td>0.248467</td>\n",
       "      <td>0.698268</td>\n",
       "    </tr>\n",
       "    <tr>\n",
       "      <th>6860805</th>\n",
       "      <td>0.029356</td>\n",
       "      <td>0.258008</td>\n",
       "      <td>0.712636</td>\n",
       "    </tr>\n",
       "    <tr>\n",
       "      <th>7113840</th>\n",
       "      <td>0.166328</td>\n",
       "      <td>0.418744</td>\n",
       "      <td>0.414928</td>\n",
       "    </tr>\n",
       "    <tr>\n",
       "      <th>6843735</th>\n",
       "      <td>0.001729</td>\n",
       "      <td>0.062176</td>\n",
       "      <td>0.936095</td>\n",
       "    </tr>\n",
       "    <tr>\n",
       "      <th>7098659</th>\n",
       "      <td>0.032275</td>\n",
       "      <td>0.044365</td>\n",
       "      <td>0.923360</td>\n",
       "    </tr>\n",
       "    <tr>\n",
       "      <th>7209423</th>\n",
       "      <td>0.026096</td>\n",
       "      <td>0.074129</td>\n",
       "      <td>0.899774</td>\n",
       "    </tr>\n",
       "    <tr>\n",
       "      <th>7099874</th>\n",
       "      <td>0.014214</td>\n",
       "      <td>0.159228</td>\n",
       "      <td>0.826559</td>\n",
       "    </tr>\n",
       "    <tr>\n",
       "      <th>7098442</th>\n",
       "      <td>0.024528</td>\n",
       "      <td>0.106942</td>\n",
       "      <td>0.868529</td>\n",
       "    </tr>\n",
       "    <tr>\n",
       "      <th>7225900</th>\n",
       "      <td>0.002831</td>\n",
       "      <td>0.020982</td>\n",
       "      <td>0.976187</td>\n",
       "    </tr>\n",
       "    <tr>\n",
       "      <th>7170692</th>\n",
       "      <td>0.002566</td>\n",
       "      <td>0.025177</td>\n",
       "      <td>0.972257</td>\n",
       "    </tr>\n",
       "    <tr>\n",
       "      <th>7226712</th>\n",
       "      <td>0.002261</td>\n",
       "      <td>0.012178</td>\n",
       "      <td>0.985561</td>\n",
       "    </tr>\n",
       "    <tr>\n",
       "      <th>7210643</th>\n",
       "      <td>0.008056</td>\n",
       "      <td>0.031179</td>\n",
       "      <td>0.960765</td>\n",
       "    </tr>\n",
       "    <tr>\n",
       "      <th>7232655</th>\n",
       "      <td>0.013311</td>\n",
       "      <td>0.050749</td>\n",
       "      <td>0.935940</td>\n",
       "    </tr>\n",
       "    <tr>\n",
       "      <th>7098880</th>\n",
       "      <td>0.001386</td>\n",
       "      <td>0.011343</td>\n",
       "      <td>0.987272</td>\n",
       "    </tr>\n",
       "    <tr>\n",
       "      <th>6849183</th>\n",
       "      <td>0.016521</td>\n",
       "      <td>0.225320</td>\n",
       "      <td>0.758159</td>\n",
       "    </tr>\n",
       "    <tr>\n",
       "      <th>7099119</th>\n",
       "      <td>0.005726</td>\n",
       "      <td>0.025340</td>\n",
       "      <td>0.968934</td>\n",
       "    </tr>\n",
       "    <tr>\n",
       "      <th>7200523</th>\n",
       "      <td>0.005107</td>\n",
       "      <td>0.066143</td>\n",
       "      <td>0.928750</td>\n",
       "    </tr>\n",
       "    <tr>\n",
       "      <th>7171562</th>\n",
       "      <td>0.002001</td>\n",
       "      <td>0.024332</td>\n",
       "      <td>0.973667</td>\n",
       "    </tr>\n",
       "    <tr>\n",
       "      <th>7226762</th>\n",
       "      <td>0.000326</td>\n",
       "      <td>0.014170</td>\n",
       "      <td>0.985503</td>\n",
       "    </tr>\n",
       "    <tr>\n",
       "      <th>7226918</th>\n",
       "      <td>0.002415</td>\n",
       "      <td>0.022159</td>\n",
       "      <td>0.975426</td>\n",
       "    </tr>\n",
       "    <tr>\n",
       "      <th>7226063</th>\n",
       "      <td>0.000621</td>\n",
       "      <td>0.007572</td>\n",
       "      <td>0.991808</td>\n",
       "    </tr>\n",
       "    <tr>\n",
       "      <th>7099838</th>\n",
       "      <td>0.025865</td>\n",
       "      <td>0.074955</td>\n",
       "      <td>0.899181</td>\n",
       "    </tr>\n",
       "    <tr>\n",
       "      <th>7211824</th>\n",
       "      <td>0.010862</td>\n",
       "      <td>0.020136</td>\n",
       "      <td>0.969002</td>\n",
       "    </tr>\n",
       "    <tr>\n",
       "      <th>7225802</th>\n",
       "      <td>0.005629</td>\n",
       "      <td>0.040867</td>\n",
       "      <td>0.953504</td>\n",
       "    </tr>\n",
       "    <tr>\n",
       "      <th>7201315</th>\n",
       "      <td>0.041744</td>\n",
       "      <td>0.191023</td>\n",
       "      <td>0.767234</td>\n",
       "    </tr>\n",
       "    <tr>\n",
       "      <th>6885109</th>\n",
       "      <td>0.012089</td>\n",
       "      <td>0.182786</td>\n",
       "      <td>0.805125</td>\n",
       "    </tr>\n",
       "    <tr>\n",
       "      <th>7200437</th>\n",
       "      <td>0.033765</td>\n",
       "      <td>0.238741</td>\n",
       "      <td>0.727493</td>\n",
       "    </tr>\n",
       "    <tr>\n",
       "      <th>7160363</th>\n",
       "      <td>0.005799</td>\n",
       "      <td>0.014370</td>\n",
       "      <td>0.979831</td>\n",
       "    </tr>\n",
       "    <tr>\n",
       "      <th>7226430</th>\n",
       "      <td>0.031270</td>\n",
       "      <td>0.141455</td>\n",
       "      <td>0.827274</td>\n",
       "    </tr>\n",
       "    <tr>\n",
       "      <th>...</th>\n",
       "      <td>...</td>\n",
       "      <td>...</td>\n",
       "      <td>...</td>\n",
       "    </tr>\n",
       "    <tr>\n",
       "      <th>7159311</th>\n",
       "      <td>0.001381</td>\n",
       "      <td>0.011759</td>\n",
       "      <td>0.986860</td>\n",
       "    </tr>\n",
       "    <tr>\n",
       "      <th>7171950</th>\n",
       "      <td>0.004444</td>\n",
       "      <td>0.014111</td>\n",
       "      <td>0.981445</td>\n",
       "    </tr>\n",
       "    <tr>\n",
       "      <th>7159949</th>\n",
       "      <td>0.001551</td>\n",
       "      <td>0.011789</td>\n",
       "      <td>0.986660</td>\n",
       "    </tr>\n",
       "    <tr>\n",
       "      <th>7209268</th>\n",
       "      <td>0.017739</td>\n",
       "      <td>0.149222</td>\n",
       "      <td>0.833039</td>\n",
       "    </tr>\n",
       "    <tr>\n",
       "      <th>7201530</th>\n",
       "      <td>0.017475</td>\n",
       "      <td>0.086991</td>\n",
       "      <td>0.895534</td>\n",
       "    </tr>\n",
       "    <tr>\n",
       "      <th>7200740</th>\n",
       "      <td>0.004005</td>\n",
       "      <td>0.014240</td>\n",
       "      <td>0.981755</td>\n",
       "    </tr>\n",
       "    <tr>\n",
       "      <th>7098679</th>\n",
       "      <td>0.001256</td>\n",
       "      <td>0.007688</td>\n",
       "      <td>0.991056</td>\n",
       "    </tr>\n",
       "    <tr>\n",
       "      <th>7099423</th>\n",
       "      <td>0.071344</td>\n",
       "      <td>0.437649</td>\n",
       "      <td>0.491007</td>\n",
       "    </tr>\n",
       "    <tr>\n",
       "      <th>6918195</th>\n",
       "      <td>0.021282</td>\n",
       "      <td>0.212277</td>\n",
       "      <td>0.766441</td>\n",
       "    </tr>\n",
       "    <tr>\n",
       "      <th>7160310</th>\n",
       "      <td>0.002683</td>\n",
       "      <td>0.025217</td>\n",
       "      <td>0.972099</td>\n",
       "    </tr>\n",
       "    <tr>\n",
       "      <th>7226119</th>\n",
       "      <td>0.024174</td>\n",
       "      <td>0.075010</td>\n",
       "      <td>0.900817</td>\n",
       "    </tr>\n",
       "    <tr>\n",
       "      <th>7158674</th>\n",
       "      <td>0.052526</td>\n",
       "      <td>0.224555</td>\n",
       "      <td>0.722919</td>\n",
       "    </tr>\n",
       "    <tr>\n",
       "      <th>7098419</th>\n",
       "      <td>0.005065</td>\n",
       "      <td>0.027493</td>\n",
       "      <td>0.967442</td>\n",
       "    </tr>\n",
       "    <tr>\n",
       "      <th>7159823</th>\n",
       "      <td>0.018269</td>\n",
       "      <td>0.026255</td>\n",
       "      <td>0.955476</td>\n",
       "    </tr>\n",
       "    <tr>\n",
       "      <th>7201269</th>\n",
       "      <td>0.001271</td>\n",
       "      <td>0.007662</td>\n",
       "      <td>0.991067</td>\n",
       "    </tr>\n",
       "    <tr>\n",
       "      <th>7226047</th>\n",
       "      <td>0.018704</td>\n",
       "      <td>0.152699</td>\n",
       "      <td>0.828597</td>\n",
       "    </tr>\n",
       "    <tr>\n",
       "      <th>7158672</th>\n",
       "      <td>0.002060</td>\n",
       "      <td>0.014703</td>\n",
       "      <td>0.983237</td>\n",
       "    </tr>\n",
       "    <tr>\n",
       "      <th>7098615</th>\n",
       "      <td>0.009540</td>\n",
       "      <td>0.102241</td>\n",
       "      <td>0.888219</td>\n",
       "    </tr>\n",
       "    <tr>\n",
       "      <th>7099678</th>\n",
       "      <td>0.011845</td>\n",
       "      <td>0.120165</td>\n",
       "      <td>0.867990</td>\n",
       "    </tr>\n",
       "    <tr>\n",
       "      <th>6885038</th>\n",
       "      <td>0.120484</td>\n",
       "      <td>0.416113</td>\n",
       "      <td>0.463403</td>\n",
       "    </tr>\n",
       "    <tr>\n",
       "      <th>7171791</th>\n",
       "      <td>0.018509</td>\n",
       "      <td>0.100256</td>\n",
       "      <td>0.881236</td>\n",
       "    </tr>\n",
       "    <tr>\n",
       "      <th>7170679</th>\n",
       "      <td>0.018323</td>\n",
       "      <td>0.190613</td>\n",
       "      <td>0.791064</td>\n",
       "    </tr>\n",
       "    <tr>\n",
       "      <th>7099131</th>\n",
       "      <td>0.016964</td>\n",
       "      <td>0.138370</td>\n",
       "      <td>0.844666</td>\n",
       "    </tr>\n",
       "    <tr>\n",
       "      <th>7099802</th>\n",
       "      <td>0.043185</td>\n",
       "      <td>0.533049</td>\n",
       "      <td>0.423766</td>\n",
       "    </tr>\n",
       "    <tr>\n",
       "      <th>7170148</th>\n",
       "      <td>0.002802</td>\n",
       "      <td>0.012112</td>\n",
       "      <td>0.985086</td>\n",
       "    </tr>\n",
       "    <tr>\n",
       "      <th>7159101</th>\n",
       "      <td>0.001676</td>\n",
       "      <td>0.013062</td>\n",
       "      <td>0.985262</td>\n",
       "    </tr>\n",
       "    <tr>\n",
       "      <th>7098650</th>\n",
       "      <td>0.001109</td>\n",
       "      <td>0.006428</td>\n",
       "      <td>0.992463</td>\n",
       "    </tr>\n",
       "    <tr>\n",
       "      <th>7177721</th>\n",
       "      <td>0.005858</td>\n",
       "      <td>0.027918</td>\n",
       "      <td>0.966224</td>\n",
       "    </tr>\n",
       "    <tr>\n",
       "      <th>7099246</th>\n",
       "      <td>0.015338</td>\n",
       "      <td>0.095062</td>\n",
       "      <td>0.889600</td>\n",
       "    </tr>\n",
       "    <tr>\n",
       "      <th>7225844</th>\n",
       "      <td>0.001757</td>\n",
       "      <td>0.012357</td>\n",
       "      <td>0.985886</td>\n",
       "    </tr>\n",
       "  </tbody>\n",
       "</table>\n",
       "<p>74659 rows × 3 columns</p>\n",
       "</div>"
      ],
      "text/plain": [
       "                high    medium       low\n",
       "listing_id                              \n",
       "7142618     0.029356  0.258008  0.712636\n",
       "6922984     0.053265  0.248467  0.698268\n",
       "6860805     0.029356  0.258008  0.712636\n",
       "7113840     0.166328  0.418744  0.414928\n",
       "6843735     0.001729  0.062176  0.936095\n",
       "7098659     0.032275  0.044365  0.923360\n",
       "7209423     0.026096  0.074129  0.899774\n",
       "7099874     0.014214  0.159228  0.826559\n",
       "7098442     0.024528  0.106942  0.868529\n",
       "7225900     0.002831  0.020982  0.976187\n",
       "7170692     0.002566  0.025177  0.972257\n",
       "7226712     0.002261  0.012178  0.985561\n",
       "7210643     0.008056  0.031179  0.960765\n",
       "7232655     0.013311  0.050749  0.935940\n",
       "7098880     0.001386  0.011343  0.987272\n",
       "6849183     0.016521  0.225320  0.758159\n",
       "7099119     0.005726  0.025340  0.968934\n",
       "7200523     0.005107  0.066143  0.928750\n",
       "7171562     0.002001  0.024332  0.973667\n",
       "7226762     0.000326  0.014170  0.985503\n",
       "7226918     0.002415  0.022159  0.975426\n",
       "7226063     0.000621  0.007572  0.991808\n",
       "7099838     0.025865  0.074955  0.899181\n",
       "7211824     0.010862  0.020136  0.969002\n",
       "7225802     0.005629  0.040867  0.953504\n",
       "7201315     0.041744  0.191023  0.767234\n",
       "6885109     0.012089  0.182786  0.805125\n",
       "7200437     0.033765  0.238741  0.727493\n",
       "7160363     0.005799  0.014370  0.979831\n",
       "7226430     0.031270  0.141455  0.827274\n",
       "...              ...       ...       ...\n",
       "7159311     0.001381  0.011759  0.986860\n",
       "7171950     0.004444  0.014111  0.981445\n",
       "7159949     0.001551  0.011789  0.986660\n",
       "7209268     0.017739  0.149222  0.833039\n",
       "7201530     0.017475  0.086991  0.895534\n",
       "7200740     0.004005  0.014240  0.981755\n",
       "7098679     0.001256  0.007688  0.991056\n",
       "7099423     0.071344  0.437649  0.491007\n",
       "6918195     0.021282  0.212277  0.766441\n",
       "7160310     0.002683  0.025217  0.972099\n",
       "7226119     0.024174  0.075010  0.900817\n",
       "7158674     0.052526  0.224555  0.722919\n",
       "7098419     0.005065  0.027493  0.967442\n",
       "7159823     0.018269  0.026255  0.955476\n",
       "7201269     0.001271  0.007662  0.991067\n",
       "7226047     0.018704  0.152699  0.828597\n",
       "7158672     0.002060  0.014703  0.983237\n",
       "7098615     0.009540  0.102241  0.888219\n",
       "7099678     0.011845  0.120165  0.867990\n",
       "6885038     0.120484  0.416113  0.463403\n",
       "7171791     0.018509  0.100256  0.881236\n",
       "7170679     0.018323  0.190613  0.791064\n",
       "7099131     0.016964  0.138370  0.844666\n",
       "7099802     0.043185  0.533049  0.423766\n",
       "7170148     0.002802  0.012112  0.985086\n",
       "7159101     0.001676  0.013062  0.985262\n",
       "7098650     0.001109  0.006428  0.992463\n",
       "7177721     0.005858  0.027918  0.966224\n",
       "7099246     0.015338  0.095062  0.889600\n",
       "7225844     0.001757  0.012357  0.985886\n",
       "\n",
       "[74659 rows x 3 columns]"
      ]
     },
     "execution_count": 14,
     "metadata": {},
     "output_type": "execute_result"
    }
   ],
   "source": [
    "cp"
   ]
  },
  {
   "cell_type": "code",
   "execution_count": null,
   "metadata": {
    "collapsed": true
   },
   "outputs": [],
   "source": []
  }
 ],
 "metadata": {
  "anaconda-cloud": {},
  "kernelspec": {
   "display_name": "Python 2",
   "language": "python",
   "name": "python2"
  },
  "language_info": {
   "codemirror_mode": {
    "name": "ipython",
    "version": 2
   },
   "file_extension": ".py",
   "mimetype": "text/x-python",
   "name": "python",
   "nbconvert_exporter": "python",
   "pygments_lexer": "ipython2",
   "version": "2.7.12"
  }
 },
 "nbformat": 4,
 "nbformat_minor": 1
}
