listing_id,high,medium,low
7142618,0.04249758,0.300330597,0.657171823
6922984,0.042831252,0.205105379,0.752063369
6860805,0.04249758,0.300330597,0.657171823
7113840,0.113325429,0.455827598,0.430846974
6843735,0.002796028,0.118417895,0.878786077
7098659,0.021759416,0.043631527,0.934609057
7209423,0.009636747,0.033150742,0.957212511
7099874,0.024018574,0.172533522,0.803447904
7098442,0.036965203,0.112448439,0.850586358
7225900,0.001853623,0.01768786,0.980458517
7170692,0.004195791,0.022438393,0.973365815
7226712,0.0023681,0.015417693,0.982214206
7210643,0.00347121,0.043097273,0.953431516
7232655,0.016566961,0.044780906,0.938652133
7098880,0.002781196,0.021692424,0.97552638
6849183,0.016496705,0.251835517,0.731667778
7099119,0.002327537,0.018670922,0.979001542
7200523,0.006018963,0.133986432,0.859994605
7171562,0.001985382,0.013724074,0.984290544
7226762,0.000989281,0.018487331,0.980523387
7226918,0.007063874,0.019534799,0.973401326
7226063,0.001628812,0.015065878,0.98330531
7099838,0.034231095,0.073572829,0.892196076
7211824,0.008042017,0.021215447,0.970742537
7225802,0.003370907,0.027998543,0.96863055
7201315,0.074491414,0.240051525,0.685457061
6885109,0.016682289,0.235283814,0.748033897
7200437,0.061159398,0.247039199,0.691801403
7160363,0.00525676,0.018985009,0.97575823
7226430,0.041837761,0.12023367,0.837928569
7099425,0.025975,0.264051673,0.709973327
7201348,0.004969839,0.025240567,0.969789594
7160101,0.022780598,0.130207989,0.847011413
7170127,0.039785862,0.114803994,0.845410144
7159392,0.009534038,0.030556854,0.959909108
7210928,0.002634197,0.027512246,0.969853557
7092529,0.099615134,0.408121317,0.492263549
6887689,0.01661529,0.225059669,0.758325041
7169834,0.025948292,0.140577568,0.83347414
7210881,0.002303956,0.01287884,0.984817204
7211726,0.032749665,0.176532852,0.790717483
7210201,0.070254911,0.403379792,0.526365297
7200917,0.032378219,0.063297865,0.904323916
7173759,0.009200265,0.017983364,0.972816371
7170660,0.003292045,0.01221702,0.984490935
7226076,0.03370528,0.180142418,0.786152301
7226839,0.031797724,0.063528015,0.904674261
7170691,0.039939084,0.314561398,0.645499519
6922966,0.020810002,0.278279584,0.700910414
7226846,0.004471295,0.034780447,0.960748258
7226264,0.00493573,0.016872509,0.97819176
7211497,0.005639416,0.022824282,0.971536302
7210744,0.051044829,0.411088841,0.53786633
7210499,0.004196306,0.021419347,0.974384347
7099165,0.051044829,0.411088841,0.53786633
7227103,0.055343019,0.147011498,0.797645483
7226540,0.018745329,0.103508131,0.87774654
7172514,0.070254907,0.403379809,0.526365284
7209584,0.005482224,0.033022847,0.961494929
6932283,0.024628487,0.243429872,0.731941641
7098566,0.021886574,0.145489088,0.832624338
7210872,0.004792767,0.024854043,0.97035319
7200321,0.029290702,0.045886294,0.924823004
7099101,0.008919174,0.072418657,0.918662168
7159576,0.002174209,0.018835122,0.97899067
7200658,0.001538708,0.018253835,0.980207456
7159000,0.003263909,0.01617235,0.980563741
7226177,0.003048773,0.015971669,0.980979558
7099062,0.021266522,0.239746355,0.738987123
7173760,0.031271341,0.081930566,0.886798093
6849380,0.009923931,0.158447658,0.831628411
7159162,0.013262235,0.068334041,0.918403724
7099160,0.00246942,0.0389893,0.95854128
7178285,0.001645916,0.014109403,0.984244682
7098477,0.041276154,0.11855537,0.840168476
7171390,0.001087854,0.012335084,0.986577062
7209557,0.002856175,0.015063279,0.982080546
7098961,0.024438036,0.179687995,0.795873969
7099018,0.003378968,0.012673207,0.983947825
7210568,0.001828653,0.019571806,0.978599541
7231575,0.003068824,0.007980619,0.988950557
6883047,0.019977454,0.169999851,0.810022696
7172848,0.032495499,0.076521513,0.890982988
7098816,0.006879174,0.056165025,0.936955801
7200503,0.01955756,0.075146479,0.905295961
7226513,0.001978997,0.020462333,0.977558669
7227037,0.002124704,0.008941779,0.988933517
7098573,0.00806401,0.01990374,0.97203225
6968157,0.002162258,0.00887893,0.988958812
7002797,0.004119489,0.018062119,0.977818393
7025731,0.056095341,0.514430374,0.429474285
7079502,0.01479539,0.069580449,0.915624161
6820888,0.028223762,0.26037974,0.711396498
7171469,0.040171891,0.242872297,0.716955812
7026229,0.003576109,0.014898464,0.981525428
7002527,0.002531157,0.014538461,0.982930381
7002045,0.006166732,0.136786807,0.857046461
7038943,0.033293352,0.136370451,0.830336197
7032547,0.056095341,0.514430374,0.429474285
7042693,0.000935311,0.009048061,0.990016628
7211330,0.002488797,0.012393055,0.985118148
6967585,0.026939838,0.286069503,0.686990659
7071629,0.065301187,0.192174155,0.742524659
6912749,0.155774992,0.43267519,0.411549818
7071697,0.005024327,0.072876525,0.922099148
7079366,0.02035127,0.152489422,0.827159308
6959138,0.026962153,0.043397906,0.929639941
7002195,0.001836911,0.011680604,0.986482485
7066721,0.002303929,0.012830644,0.984865427
7039587,0.002590473,0.0181468,0.979262727
7060624,0.03829557,0.112454842,0.849249588
7063304,0.001850831,0.015633197,0.982515971
7047689,0.000855612,0.012823988,0.9863204
7030902,0.034231095,0.073572829,0.892196076
7201545,0.12730656,0.481748233,0.390945206
6889765,0.032948263,0.226588259,0.740463478
6959915,0.002500908,0.019911219,0.977587873
7060339,0.018600507,0.033452774,0.947946719
7061467,0.018745456,0.103508123,0.877746422
7201450,0.007396976,0.022586962,0.970016061
7025707,0.035376996,0.093500777,0.871122227
7075976,0.003577076,0.015115466,0.981307458
7003095,0.006719466,0.160761492,0.832519042
7026017,0.008484993,0.013484314,0.978030693
7046870,0.065301187,0.192174155,0.742524659
7072211,0.001836911,0.011680599,0.98648249
6931762,0.132333775,0.474687349,0.392978876
7060308,0.00110363,0.017618251,0.981278119
7209884,0.006498539,0.023512995,0.969988465
7061109,0.004403043,0.010539997,0.98505696
7078746,0.002291655,0.012105254,0.985603091
6968888,0.025293705,0.224073658,0.750632637
7060990,0.034014946,0.1918459,0.774139154
7209493,0.037506345,0.14236597,0.820127685
7044535,0.006719428,0.160761512,0.83251906
7079105,0.013863092,0.020728146,0.965408762
7030523,0.021527296,0.117142992,0.861329712
7224118,0.023660309,0.245908076,0.730431615
7031105,0.033705317,0.180142378,0.786152305
6958478,0.009758261,0.06446026,0.925781479
6971335,0.028991052,0.044999088,0.92600986
7025122,0.00487518,0.017377788,0.977747032
7024693,0.00255196,0.019677987,0.977770052
7033280,0.025293705,0.224073658,0.750632637
7024653,0.00446561,0.011185688,0.984348703
7063390,0.057116319,0.248978975,0.693904706
7031713,0.028991052,0.044999088,0.92600986
7031649,0.02696214,0.043397924,0.929639936
6841489,0.165061477,0.344406335,0.490532188
7065224,0.002472822,0.021712109,0.975815068
7078766,0.017504503,0.130070431,0.852425066
7074401,0.014315442,0.15300866,0.832675898
7066534,0.00154796,0.012836023,0.985616016
7065751,0.015338568,0.041382258,0.943279174
7073743,0.001294785,0.066237899,0.932467317
7074205,0.00284252,0.094883531,0.902273948
7170514,0.002061163,0.019632144,0.978306693
7071792,0.00100412,0.020936804,0.978059076
7064412,0.051044829,0.411088841,0.53786633
6877018,0.052950186,0.529734544,0.41731527
6966857,0.033293352,0.136370451,0.830336197
7226285,0.001312808,0.014220457,0.984466735
7075116,0.000609223,0.053496513,0.945894264
7060623,0.005296518,0.063897845,0.930805637
7075395,0.03612175,0.161173053,0.802705197
7024367,0.046598827,0.290755896,0.662645277
7060619,0.00102469,0.010069631,0.988905679
7079477,0.002575578,0.017296697,0.980127725
7071826,0.002175046,0.009594471,0.988230483
6967008,0.004254621,0.011515418,0.984229961
6942406,0.004024758,0.138003676,0.857971566
7061466,0.007686028,0.020613422,0.97170055
7065334,0.036333448,0.157962854,0.805703697
7025292,0.005570719,0.026976466,0.967452815
7025180,0.02750288,0.085495781,0.887001339
7061094,0.021370942,0.039540619,0.939088439
7031892,0.015151131,0.073176988,0.911671881
7024342,0.001285563,0.019613949,0.979100488
7061235,0.021445807,0.11615043,0.862403763
7160586,0.001929264,0.012417873,0.985652863
7060396,0.005579707,0.026977077,0.967443216
7162303,0.035134363,0.307616977,0.657248659
7071568,0.034857248,0.108715061,0.856427691
7041339,0.000909682,0.008770758,0.99031956
7172720,0.006906534,0.020550419,0.972543048
7173404,0.001411188,0.012228165,0.986360647
7032101,0.005482224,0.033022849,0.961494926
7065942,0.013757655,0.035390164,0.950852182
7066031,0.021527296,0.117142992,0.861329712
7071587,0.002520902,0.013893178,0.98358592
7071857,0.021759416,0.043631527,0.934609057
6967814,0.034230826,0.073572983,0.892196191
6845457,0.1873864,0.4079542,0.4046594
7032704,0.015794891,0.131727374,0.852477735
7026025,0.036871376,0.084303383,0.878825241
7041792,0.040556899,0.505821842,0.453621259
7032305,0.001573145,0.019427993,0.978998862
7024575,0.006290503,0.041982864,0.951726634
7080205,0.018745392,0.103508127,0.877746481
6959373,0.001899299,0.025656063,0.972444638
7079360,0.03313265,0.192873547,0.773993803
6967104,0.003341625,0.017761484,0.97889689
7032508,0.001812138,0.019978266,0.978209596
6882961,0.322971723,0.353377569,0.323650709
7079628,0.052290699,0.225357734,0.722351567
7025863,0.015794891,0.131727374,0.852477735
7024145,0.016631238,0.097003052,0.88636571
7031059,0.005984863,0.020995165,0.973019972
7025169,0.030020709,0.147215111,0.822764181
7025788,0.003089808,0.017651818,0.979258374
7158646,0.03107432,0.132631711,0.83629397
7031985,0.029568091,0.282644755,0.687787155
7060290,0.02750288,0.085495781,0.887001339
6970241,0.001642291,0.015898647,0.982459062
6881938,0.047355529,0.320490118,0.632154353
7200805,0.00182865,0.019538856,0.978632494
7023758,0.027321182,0.142222395,0.830456423
7026102,0.006844238,0.029845131,0.963310631
7066767,0.03179191,0.063509425,0.904698665
7209117,0.019641493,0.046092496,0.934266012
7064739,0.025948275,0.140577611,0.833474114
7075920,0.002923103,0.017650485,0.979426412
7071578,0.006106849,0.028995951,0.9648972
7042594,0.039995333,0.093784401,0.866220266
7072136,0.031524028,0.083005093,0.885470878
6959785,0.06657471,0.270617314,0.662807976
6917770,0.155425688,0.494954002,0.349620311
7030613,0.034776345,0.145351355,0.8198723
7025097,0.03231858,0.058598945,0.909082475
7065198,0.001538696,0.018210666,0.980250638
6959513,0.039159836,0.056216304,0.904623859
7226979,0.032378219,0.063297865,0.904323916
7024451,0.032612742,0.075237803,0.892149455
7072141,0.004949852,0.027780392,0.967269756
7024834,0.002980572,0.0147106,0.982308828
7041995,0.021759416,0.043631527,0.934609057
7066023,0.000738889,0.010139666,0.989121445
6839044,0.033906158,0.312781097,0.653312745
7060824,0.002840806,0.015764742,0.981394451
7047137,0.002980572,0.014710596,0.982308832
7079007,0.00431744,0.037361479,0.958321081
7024400,0.004092459,0.018236801,0.97767074
6959851,0.007974385,0.035999751,0.956025864
7039486,0.013834629,0.022332949,0.963832422
7065183,0.020786649,0.017560018,0.961653333
7209107,0.00369356,0.011909343,0.984397097
7041950,0.004992014,0.015864904,0.979143082
6960102,0.032378219,0.063297865,0.904323916
6871096,0.031095464,0.339158975,0.629745561
7002884,0.002327537,0.018670905,0.979001558
7030575,0.00075872,0.009597099,0.989644181
6967744,0.001751315,0.01827293,0.979975755
7043039,0.002738509,0.009957775,0.987303716
7159789,0.002556763,0.014995469,0.982447768
7201690,0.069398569,0.199287347,0.731314085
7065493,0.0069065,0.020550507,0.972542993
7066433,0.003061143,0.010217009,0.986721848
7072236,0.001097697,0.026797456,0.972104846
6970104,0.00711685,0.016752416,0.976130734
6886740,0.01609881,0.227076245,0.756824945
7025271,0.0310728,0.132634634,0.836292566
7066068,0.052123288,0.199563535,0.748313178
6832064,0.001884913,0.016934462,0.981180625
6907698,0.021527296,0.117142992,0.861329712
6832023,0.001985383,0.013724099,0.984290518
6933123,0.001884913,0.01693446,0.981180626
6919919,0.005482224,0.033022862,0.961494914
6907194,0.000480783,0.010663944,0.988855273
6907670,0.029568091,0.282644755,0.687787155
6948009,0.018745266,0.103508135,0.8777466
7140227,0.029509297,0.209616804,0.760873899
6931680,0.002768508,0.012777272,0.984454219
6844498,0.024018592,0.172533988,0.803447421
6826781,0.001163607,0.013137922,0.985698471
6933438,0.034857248,0.108715061,0.856427691
6833848,0.000899658,0.014464061,0.984636281
6825963,0.04188794,0.258087521,0.700024539
6826131,0.036333392,0.157963043,0.805703566
6896589,0.068621434,0.308366568,0.623011999
6948254,0.026526768,0.07594887,0.897524361
6833299,0.05606353,0.314867366,0.629069104
6860119,0.007232653,0.173975887,0.81879146
6895163,0.002973881,0.011165155,0.985860965
6907859,0.032523899,0.088263109,0.879212992
6896310,0.002193986,0.009123608,0.988682406
7210212,0.00220486,0.009302366,0.988492774
6844543,0.001004119,0.020936815,0.978059066
6832190,0.093338003,0.545217327,0.36144467
6868425,0.032749665,0.176532852,0.790717483
6948103,0.002319809,0.020672167,0.977008024
6908363,0.066372473,0.212222687,0.72140484
6931652,0.034128117,0.101711499,0.864160385
6868853,0.051847195,0.491347089,0.456805716
6832808,0.000466437,0.01374266,0.985790902
7232597,0.008451815,0.022753364,0.968794821
6832176,0.007607344,0.019753577,0.97263908
6937027,0.001728201,0.032447978,0.965823821
6907296,0.052290699,0.225357734,0.722351567
6895158,0.007958176,0.017008254,0.975033571
6831404,0.056095341,0.514430374,0.429474285
6867554,0.064201376,0.257543334,0.67825529
6831967,0.005802569,0.024398383,0.969799049
6826148,0.002914971,0.014467515,0.982617514
6888013,0.02986321,0.289105483,0.681031307
6833315,0.029290274,0.045886356,0.924823371
6826529,0.036121663,0.161173126,0.802705212
6907783,0.031868311,0.189940505,0.778191184
6895933,0.034102187,0.202832457,0.763065356
6948144,0.005194783,0.026345117,0.9684601
6895983,0.018600816,0.033452728,0.947946457
6932405,0.056095341,0.514430374,0.429474285
6908385,0.025293705,0.224073658,0.750632637
6932321,0.004696333,0.022188017,0.97311565
6826058,0.000843812,0.007672592,0.991483595
6823682,0.01488247,0.151268275,0.833849255
6867706,0.029568064,0.282644711,0.687787226
6907760,0.019803566,0.144320383,0.835876051
6907598,0.002195987,0.010389308,0.987414705
6896212,0.001991554,0.015267139,0.982741307
6907823,0.001080519,0.026159459,0.972760022
6868353,0.001193455,0.01951778,0.979288764
6895229,0.064641273,0.309515499,0.625843228
6840207,0.024438036,0.179687995,0.795873969
6908429,0.001113061,0.01275893,0.986128009
7201479,0.028633907,0.112123208,0.859242885
6889866,0.017683746,0.24915434,0.733161914
6873012,0.054427134,0.198668175,0.746904691
6896087,0.030020512,0.147211827,0.822767661
6902022,0.040032708,0.254595919,0.705371374
6873626,0.040556899,0.505821842,0.453621259
6839782,0.064250141,0.238303376,0.697446483
6927582,0.045441558,0.142123012,0.81243543
6832106,0.025455604,0.134063621,0.840480775
6927520,0.000480783,0.010663944,0.988855273
6832511,0.066372435,0.212222631,0.721404934
6826695,0.002439376,0.016523862,0.981036762
7013999,0.056320604,0.309563189,0.634116207
6875995,0.159769284,0.46952743,0.370703286
6895423,0.006719441,0.160761505,0.832519054
7174304,0.091988504,0.276692116,0.63131938
7196924,0.072360667,0.216682192,0.710957141
7212583,0.085671423,0.293505173,0.620823405
7186411,0.006575123,0.023704089,0.969720787
7166027,0.096571605,0.374211676,0.529216718
7227996,0.049748007,0.126368126,0.823883867
7202466,0.013976522,0.038271654,0.947751824
7228435,0.044366755,0.135125623,0.820507622
7228441,0.00555538,0.02219785,0.97224677
6812487,0.03492994,0.56899616,0.3960739
7213018,0.006355031,0.023170853,0.970474116
7196440,0.034065563,0.133431933,0.832502504
7228330,0.026340234,0.108912761,0.864747005
7166063,0.013609876,0.043773453,0.94261667
7212484,0.008256944,0.026094753,0.965648303
7196994,0.007830998,0.026908646,0.965260356
7166110,0.050218002,0.145203575,0.804578424
7213035,0.049383926,0.215764334,0.73485174
7227948,0.006322629,0.022547646,0.971129725
6933565,0.048226245,0.29994224,0.651831514
6868182,0.008966594,0.18068918,0.810344226
6895698,0.176166585,0.44184566,0.381987755
6896558,0.058972301,0.346287471,0.594740229
6844735,0.092277325,0.301951717,0.605770958
6896764,0.128996085,0.427480091,0.443523824
6854703,0.069401456,0.450722696,0.479875847
6839439,0.065020547,0.337804161,0.597175292
6895216,0.070461851,0.452306433,0.477231716
6932633,0.123422416,0.480054171,0.396523413
6855583,0.070001869,0.40125633,0.528741801
6844821,0.039932908,0.343688924,0.616378167
6946922,0.009781818,0.354707045,0.635511138
6932741,0.060278879,0.342522193,0.597198928
6931924,0.052321666,0.371667419,0.576010916
6855732,0.058972301,0.346287471,0.594740229
6895007,0.056962481,0.513336456,0.429701063
6854787,0.052321706,0.371667189,0.576011105
6855496,0.130536751,0.480700097,0.388763152
6895311,0.072249357,0.48848076,0.439269884
7091883,0.081642926,0.164738895,0.753618179
6931930,0.251866907,0.381461804,0.366671289
6894956,0.066202947,0.435763926,0.498033127
6853142,0.003074463,0.020480019,0.976445518
6854628,0.048678592,0.35881184,0.592509568
7093614,0.072141101,0.323965773,0.603893126
6895766,0.162321713,0.511257874,0.326420413
6931751,0.057091861,0.508571825,0.434336313
6931815,0.082420761,0.472538889,0.44504035
6839282,0.057010619,0.339609482,0.6033799
6895426,0.095150302,0.350584098,0.5542656
6896331,0.062742743,0.519407101,0.417850156
6896007,0.090295979,0.459423406,0.450280615
6855034,0.065020507,0.337804326,0.597175167
6886576,0.256612921,0.506373817,0.237013262
6855432,0.195845341,0.426206574,0.377948085
6895030,0.113889078,0.437285193,0.448825729
6895193,0.044095757,0.323056212,0.632848031
6895483,0.207091405,0.403306423,0.389602172
6933118,0.170742209,0.481819718,0.347438073
6895600,0.082420751,0.472538942,0.445040307
6932724,0.056899849,0.288967532,0.654132619
6867529,0.10071923,0.461782104,0.437498666
7091829,0.078343735,0.471627665,0.4500286
6854939,0.061536175,0.458145118,0.480318707
6900717,0.235712408,0.514773937,0.249513655
6839509,0.072248992,0.488483222,0.439267786
6932061,0.146884307,0.480240473,0.37287522
6873569,0.051344034,0.30561486,0.643041106
6933615,0.062742725,0.519406962,0.417850313
6855140,0.087017751,0.379955062,0.533027187
6855451,0.054329224,0.229142409,0.716528367
6839938,0.15723914,0.494837167,0.347923693
6839459,0.13357501,0.478685266,0.387739724
6896203,0.195845291,0.426206715,0.377947994
6933120,0.055895316,0.408976834,0.535127849
6925044,0.230895877,0.434111934,0.334992189
6896155,0.084483757,0.477499012,0.438017231
6933069,0.076585956,0.326397234,0.59701681
6895632,0.212336479,0.396102727,0.391560794
6854679,0.069317714,0.452226423,0.478455863
6839985,0.041794215,0.255701226,0.702504559
6855661,0.065512888,0.353795544,0.580691568
6896291,0.141642119,0.459395878,0.398962002
6855297,0.072141101,0.323965773,0.603893126
6856046,0.04894964,0.528048397,0.423001963
6839257,0.075332399,0.365931112,0.558736489
6877537,0.072725967,0.462014613,0.465259419
6895612,0.053622627,0.437793371,0.508584002
6932466,0.207091277,0.403306795,0.389601928
6895521,0.095395816,0.464282811,0.440321374
6895115,0.069317696,0.452226434,0.47845587
6931791,0.061757495,0.253810182,0.684432322
6894943,0.127126446,0.348098892,0.524774661
7093530,0.047021873,0.311482176,0.641495951
7092168,0.195845308,0.426206668,0.377948024
7093482,0.157355525,0.29778316,0.544861315
7091599,0.065512869,0.353795505,0.580691626
6910877,0.085799681,0.405826661,0.508373658
7092647,0.135770248,0.417803493,0.446426259
7093010,0.06027919,0.342522387,0.597198423
7091471,0.075087485,0.386286558,0.538625958
7091689,0.065792072,0.425217133,0.508990795
7092375,0.096678898,0.503373833,0.399947269
7093749,0.034013786,0.275730568,0.690255646
7092957,0.063900005,0.471195215,0.46490478
7092105,0.089808952,0.530522229,0.379668819
7092404,0.170742209,0.481819718,0.347438073
7092682,0.060292757,0.446212433,0.49349481
6960199,0.423180867,0.398920339,0.177898794
6946536,0.046720901,0.417568599,0.535710501
7093173,0.074434282,0.479434477,0.446131241
7091481,0.047799522,0.239633382,0.712567096
7091246,0.001997419,0.029121274,0.968881307
7091831,0.054781289,0.567809683,0.377409028
7093299,0.055895316,0.408976834,0.535127849
7093799,0.141642182,0.459395653,0.398962165
7093763,0.034013786,0.275730568,0.690255646
7091463,0.053622627,0.437793371,0.508584002
7091435,0.048678592,0.35881184,0.592509568
7092671,0.070064211,0.513413949,0.41652184
6947391,0.018939158,0.217722228,0.763338614
6952745,0.140739594,0.494674959,0.364585447
6953092,0.170742198,0.481819748,0.347438054
6985109,0.041110031,0.250874131,0.708015838
6985170,0.076540442,0.407080845,0.516378714
7012604,0.062742698,0.519406754,0.417850547
7012322,0.251867428,0.381460024,0.366672548
7092516,0.104640199,0.374143108,0.521216693
7012401,0.067366789,0.512902503,0.419730708
7012739,0.065512869,0.353795505,0.580691626
7012082,0.207091576,0.403305928,0.389602496
6898018,0.059002874,0.278075932,0.662921193
7010978,0.135770248,0.417803493,0.446426259
7010253,0.062890741,0.517305681,0.419803578
7010674,0.056417706,0.42344812,0.520134174
7010091,0.104640275,0.374142658,0.521217067
6985190,0.080600276,0.413829016,0.505570708
6986461,0.039735903,0.246315997,0.713948101
6953374,0.002923883,0.025914769,0.971161349
6985721,0.075087485,0.386286558,0.538625958
6985234,0.140739594,0.494674959,0.364585447
7011139,0.135770248,0.417803493,0.446426259
6857809,0.039761592,0.526634511,0.433603897
7012119,0.08242078,0.472538784,0.445040436
6986539,0.060279412,0.342522526,0.597198063
7009975,0.070064168,0.513414203,0.416521629
7012625,0.097529162,0.440396184,0.462074654
6985948,0.074434282,0.479434477,0.446131241
7012344,0.094979324,0.390878178,0.514142498
6986537,0.059552716,0.276666589,0.663780695
7011726,0.141642157,0.459395743,0.3989621
7011737,0.047689682,0.228560733,0.723749584
7011926,0.140739594,0.494674959,0.364585447
6856590,0.009425989,0.046252221,0.94432179
7012530,0.104360223,0.42829494,0.467344836
7010945,0.06027919,0.342522387,0.597198423
6953496,0.103163717,0.418411026,0.478425256
7012076,0.059515694,0.155343415,0.785140891
7011669,0.045011192,0.277391897,0.67759691
6952988,0.064885538,0.449645158,0.485469304
7010703,0.091293455,0.356847264,0.55185928
7011320,0.054329294,0.229142161,0.716528545
7092649,0.100555716,0.439544178,0.459900105
6953424,0.04966685,0.339949298,0.610383852
7205145,0.040177948,0.212519517,0.747302535
7012032,0.035289855,0.289314231,0.675395914
6985291,0.230309486,0.358578587,0.411111927
7012953,0.0602033,0.510193359,0.429603341
6985658,0.207091576,0.403305928,0.389602496
7012251,0.087017784,0.379955072,0.533027144
7012035,0.138701246,0.423119816,0.438178938
7091685,0.068275353,0.512059117,0.41966553
6952939,0.104360115,0.428295601,0.467344285
6953123,0.102059707,0.475206653,0.422733641
7011572,0.065176296,0.337030552,0.597793152
6851603,0.049132223,0.258099709,0.692768069
6984798,0.095395959,0.464282336,0.440321705
7010661,0.052098409,0.404599788,0.543301803
6953004,0.056219978,0.339689231,0.604090792
6986436,0.176166572,0.441845726,0.381987703
7012714,0.080818899,0.393336864,0.525844238
6985188,0.080600276,0.413829016,0.505570708
6952480,0.095396007,0.397463996,0.507139997
7012071,0.204934855,0.479523197,0.315541948
7011661,0.073187407,0.497902913,0.42890968
7010467,0.230309474,0.358578649,0.411111877
6921090,0.006525487,0.115051764,0.878422749
7012840,0.081642435,0.16473731,0.753620255
7011499,0.068275369,0.512513827,0.419210804
6953261,0.062742698,0.519406754,0.417850547
6953129,0.039735934,0.246315584,0.713948482
7012504,0.076540425,0.407080913,0.516378662
7011640,0.085099267,0.331139819,0.583760914
6953327,0.13053676,0.480700108,0.388763133
6952943,0.060292729,0.446212406,0.493494865
7010936,0.141642157,0.459395743,0.3989621
6953119,0.040587894,0.303430581,0.655981525
6938003,0.05260273,0.282268753,0.665128517
7010932,0.080600276,0.413829016,0.505570708
7010527,0.080600276,0.413829016,0.505570708
7010472,0.069328931,0.388188669,0.5424824
6953256,0.052321666,0.371667419,0.576010916
7011333,0.060292757,0.446212433,0.49349481
7011744,0.0833941,0.553785254,0.362820646
7012068,0.055739872,0.400880602,0.543379525
7010762,0.080361723,0.409991404,0.509646873
6985358,0.056417664,0.423448618,0.520133718
7010946,0.170742209,0.481819718,0.347438073
6934514,0.21806344,0.338115246,0.443821314
6985118,0.072141101,0.323965773,0.603893126
6984951,0.038921604,0.417693251,0.543385145
6953591,0.043991891,0.297249587,0.658758522
6986010,0.037727857,0.219915503,0.74235664
6986249,0.132339313,0.494900985,0.372759703
7010486,0.072529336,0.41157849,0.515892174
7093217,0.082420751,0.472538942,0.445040307
6953398,0.09667882,0.503374233,0.399946947
6952502,0.052088093,0.190916331,0.756995576
6985986,0.085497603,0.577026804,0.337475593
6958994,0.127841911,0.510487776,0.361670313
6946728,0.036670981,0.381267302,0.582061717
7012042,0.096678864,0.503374004,0.399947131
6985555,0.189172361,0.418191524,0.392636115
7093036,0.044095684,0.323055971,0.632848345
6931752,0.034013756,0.287094167,0.678892077
6932376,0.14073959,0.494674948,0.364585462
6895715,0.06027879,0.342522137,0.597199073
6895848,0.047021873,0.311482176,0.641495951
6895903,0.056219964,0.339689261,0.604090774
6839816,0.224387589,0.389304135,0.386308275
6845277,0.080347722,0.428420855,0.491231422
6829771,0.081111045,0.307460128,0.611428828
6839702,0.080347814,0.428420542,0.491231644
6932055,0.053910592,0.323842891,0.622246517
6932009,0.139155775,0.422665377,0.438178848
6855449,0.095396126,0.3974636,0.507140274
6895224,0.077048729,0.326323874,0.596627397
6932420,0.035289835,0.289314315,0.67539585
6932773,0.084483593,0.485781139,0.429735268
6932870,0.119726203,0.522611944,0.357661853
6855750,0.059515282,0.155343014,0.785141704
6896428,0.130536769,0.480700118,0.388763113
6906590,0.019800566,0.189771795,0.79042764
6933260,0.091293069,0.356848977,0.551857954
6845334,0.175209106,0.493217961,0.331572933
6895403,0.074434282,0.479434477,0.446131241
6933168,0.132339258,0.494901451,0.372759292
6896406,0.065271166,0.336867312,0.597861522
7093854,0.127126446,0.348098892,0.524774661
6895304,0.101910504,0.398377966,0.49971153
6845226,0.140739651,0.49467514,0.364585209
6932042,0.056962742,0.513335446,0.429701812
6931801,0.079096903,0.51670589,0.404197206
7144447,0.179663564,0.534982979,0.285353456
6844334,0.061536155,0.458145113,0.480318732
6931579,0.212336479,0.396102727,0.391560794
6895529,0.175209106,0.493217961,0.331572933
6855077,0.078343773,0.471627474,0.450028753
6933052,0.18917232,0.418191672,0.392636008
6844819,0.064795832,0.445701427,0.489502742
6896777,0.135770248,0.417803493,0.446426259
6895272,0.068275382,0.51251395,0.419210668
6932967,0.059515323,0.155343054,0.785141623
6894994,0.197731786,0.490139264,0.31212895
6883243,0.022696024,0.220589635,0.756714341
6895150,0.05605587,0.212163898,0.731780232
6839634,0.09675406,0.511646867,0.391599073
6888511,0.013614368,0.035443368,0.950942264
6888375,0.004874713,0.023804836,0.971320451
6909432,0.024443822,0.188649112,0.786907066
6909133,0.006390648,0.04688975,0.946719602
7219882,0.039731935,0.18911987,0.771148196
6914600,0.044576429,0.222488095,0.732935476
6888379,0.007427396,0.026876026,0.965696578
6917490,0.062078476,0.192480527,0.745440997
6845792,0.03047109,0.227035153,0.742493758
7228451,0.074898578,0.245599205,0.679502217
7222718,0.107550771,0.321439075,0.571010154
7165857,0.067645149,0.282596212,0.64975864
7227993,0.05575309,0.240170429,0.704076481
7161185,0.006600159,0.026105004,0.967294837
7212039,0.015639702,0.074819093,0.909541205
6987384,0.071724745,0.267787931,0.660487324
7051297,0.008498797,0.027324494,0.964176709
6992789,0.024229111,0.119199063,0.856571826
7045659,0.059935309,0.209766202,0.730298489
6860349,0.033322784,0.250138224,0.716538991
7004169,0.005135181,0.022391959,0.97247286
7004252,0.005135181,0.022391959,0.97247286
7018003,0.004812552,0.026034342,0.969153106
6987484,0.055236357,0.247100541,0.697663101
7004267,0.054568723,0.202892258,0.742539019
6987398,0.006702219,0.02651564,0.966782141
7009549,0.007916811,0.027849572,0.964233618
6977265,0.042800332,0.198001584,0.759198085
7077199,0.007916811,0.027849572,0.964233618
6972357,0.003602001,0.0418531,0.9545449
6937286,0.070090218,0.205880402,0.72402938
6987467,0.060250389,0.263761906,0.675987705
6987490,0.056456657,0.213644326,0.729899017
7095312,0.065085376,0.275291354,0.65962327
7068330,0.003754908,0.021594108,0.974650984
7004277,0.042101765,0.07288296,0.885015275
7045624,0.058129321,0.200670505,0.741200174
7077082,0.009391004,0.030922052,0.959686944
7004131,0.036204838,0.177357023,0.786438139
6987427,0.046325723,0.203731062,0.749943215
7004173,0.043387581,0.116525157,0.840087262
6883328,0.006119646,0.125952038,0.867928317
7067761,0.035620692,0.152820271,0.811559038
6972510,0.053837343,0.251371646,0.694791011
6854151,0.008753062,0.028088677,0.96315826
6888487,0.011838064,0.037805042,0.950356893
6888359,0.006287482,0.028140128,0.96557239
6888493,0.006930967,0.026852653,0.966216381
6914064,0.038415768,0.167920102,0.79366413
6812519,0.025973626,0.125138823,0.848887551
6914157,0.061076957,0.240764915,0.698158128
6897542,0.06184931,0.249342531,0.688808159
6947221,0.015809338,0.327559069,0.656631593
6934422,0.0505513,0.167844178,0.781604522
6888392,0.011299002,0.031645327,0.957055671
6827614,0.049850852,0.255819023,0.694330125
6942704,0.104403615,0.351317727,0.544278658
6844380,0.200786862,0.403163045,0.396050093
7121050,0.04840549,0.373869965,0.577724545
6879765,0.150702799,0.54113545,0.308161751
6927559,0.184729961,0.32639255,0.488877489
6913204,0.073142088,0.560330576,0.366527335
6878796,0.101243444,0.381460099,0.517296457
7014033,0.303190447,0.315711375,0.381098177
7092464,0.017258601,0.336842089,0.64589931
6844700,0.265901498,0.34550559,0.388592912
6844928,0.170285336,0.579388023,0.250326641
6879738,0.06424003,0.417537776,0.518222195
6878770,0.05022838,0.324066866,0.625704753
6878327,0.317419702,0.393685873,0.288894425
6879859,0.077941058,0.317699266,0.604359675
6844889,0.209692359,0.501413547,0.288894094
7172671,0.299793313,0.398174328,0.302032359
6879609,0.088111227,0.361490267,0.550398506
6913428,0.081182046,0.408901588,0.509916366
6918001,0.02774837,0.281438619,0.69081301
6942897,0.088864039,0.359743565,0.551392395
6943691,0.115300798,0.312447932,0.572251269
6942756,0.481715911,0.330907636,0.187376453
6942957,0.083609096,0.522108411,0.394282493
6942749,0.220756128,0.54872022,0.230523652
6844632,0.18222627,0.451404996,0.366368733
6912836,0.481715862,0.330907805,0.187376333
6912816,0.061410663,0.538315053,0.400274284
6844401,0.050283581,0.376898122,0.572818297
6879194,0.03504534,0.262042817,0.702911843
6860837,0.016319377,0.258589728,0.725090894
6913600,0.077940984,0.317699667,0.604359349
6913321,0.245657185,0.433268356,0.321074458
6913179,0.145753959,0.465585131,0.38866091
6878893,0.226680994,0.425015478,0.348303527
6912795,0.115300798,0.312447932,0.572251269
6878935,0.481715886,0.330907721,0.187376393
6879296,0.145753803,0.465585562,0.388660634
7091413,0.078397288,0.432569719,0.489032993
6913316,0.529453017,0.358326169,0.112220814
6912818,0.034700229,0.295620846,0.669678925
6845828,0.06997923,0.392679841,0.537340929
6844692,0.079801699,0.45779947,0.462398831
7200887,0.081135191,0.592121935,0.326742874
6879106,0.154846029,0.441593301,0.40356067
6943706,0.073142088,0.560330576,0.366527335
6943416,0.216875651,0.646678388,0.136445961
6878821,0.395455299,0.270872357,0.333672344
7170612,0.056551993,0.492287842,0.451160166
6878374,0.114120271,0.635657635,0.250222094
6943480,0.119454159,0.576279475,0.304266366
6844548,0.069353543,0.432626315,0.498020142
6905528,0.084178744,0.283101136,0.63272012
6878689,0.091937829,0.371387585,0.536674585
6943754,0.105270148,0.568230951,0.326498901
6845423,0.04119946,0.501582127,0.457218412
7126787,0.110845622,0.495618624,0.393535754
6878931,0.036109864,0.303498396,0.660391741
7170682,0.107220494,0.453366783,0.439412724
6879457,0.068743643,0.486138637,0.44511772
6943596,0.155876698,0.404574701,0.439548601
6844810,0.224356816,0.300756364,0.474886821
6913005,0.169100006,0.572882616,0.258017377
6920474,0.049981583,0.342225037,0.60779338
6879355,0.039815637,0.379488764,0.580695598
6912888,0.080724528,0.50746453,0.411810942
6878539,0.085606411,0.696894453,0.217499136
6913079,0.114268442,0.613265595,0.272465963
6913598,0.078041367,0.378611171,0.543347462
6913530,0.091937961,0.371387059,0.536674979
6879658,0.050283477,0.376898707,0.572817817
6844394,0.073835937,0.493530724,0.432633339
6943281,0.104741796,0.31251234,0.582745864
7232436,0.111800494,0.572653681,0.315545825
6915858,0.08989371,0.315265385,0.594840904
6913372,0.038532546,0.263909266,0.697558188
6942487,0.041239454,0.459196875,0.499563671
6879384,0.049214121,0.404045168,0.546740711
6913020,0.034415934,0.276722549,0.688861517
6943488,0.07687434,0.507106329,0.416019331
6844407,0.174470082,0.549320429,0.276209488
6878515,0.030292592,0.336512446,0.633194962
6912975,0.134391433,0.462048003,0.403560564
6943657,0.090279902,0.494228074,0.415492024
6879800,0.22435683,0.300756381,0.474886789
6842853,0.037262312,0.320062874,0.642674814
6844365,0.101714417,0.354586778,0.543698805
6913009,0.057387978,0.549656297,0.392955725
7232076,0.156366735,0.455122194,0.388511072
6879711,0.001628787,0.005837873,0.99253334
6879342,0.169906098,0.392645708,0.437448194
6844566,0.11426797,0.613264789,0.272467241
6912958,0.033693122,0.272622936,0.693683942
7200145,0.112972009,0.186974966,0.700053025
6942513,0.155585091,0.373782864,0.470632045
6943272,0.105712563,0.653537923,0.240749514
6829154,0.03561529,0.518597221,0.445787489
6913197,0.105270077,0.568231043,0.32649888
6943432,0.184729947,0.326392531,0.488877522
6845428,0.060241267,0.274956472,0.664802261
6913004,0.071473975,0.56917344,0.359352585
6942626,0.049683712,0.272034149,0.678282139
6879330,0.125477353,0.503814224,0.370708423
6844789,0.150702799,0.54113545,0.308161751
6912822,0.053697335,0.610141771,0.336160895
6844398,0.028404138,0.218411811,0.753184051
6844368,0.05107379,0.316355087,0.632571124
7097662,0.121018091,0.396812925,0.482168985
6844604,0.075320265,0.54830272,0.376377015
6878291,0.161990143,0.551188858,0.286821
6942768,0.062612454,0.335449666,0.60193788
6844487,0.03561682,0.457881919,0.506501262
6913462,0.060019937,0.478774683,0.46120538
6912843,0.053111568,0.286858477,0.660029955
6912809,0.052353148,0.641475668,0.306171184
6879029,0.182226181,0.451405215,0.366368604
6879092,0.200786862,0.403163045,0.396050093
6878232,0.155397414,0.37493735,0.469665236
7013387,0.08645014,0.428650023,0.484899836
6825247,0.060086602,0.388483614,0.551429784
6878509,0.105270112,0.568230997,0.32649889
6943401,0.127208674,0.504879263,0.367912063
6878940,0.039685608,0.191057881,0.76925651
7232368,0.079797709,0.468887636,0.451314655
6844673,0.07491856,0.298208062,0.626873378
6844267,0.065433059,0.194849791,0.73971715
6942590,0.12408249,0.456709174,0.419208336
7092487,0.186623415,0.482233493,0.331143093
6878303,0.074233254,0.526562039,0.399204708
6844323,0.065439974,0.198823504,0.735736522
6867355,0.058900503,0.297212832,0.643886665
6845185,0.249121675,0.3694574,0.381420925
7232022,0.203866326,0.381233974,0.4148997
7091957,0.203866326,0.381233974,0.4148997
6844274,0.169905968,0.392646342,0.437447689
6913092,0.501893192,0.239898711,0.258208097
6878712,0.19959523,0.582401254,0.218003517
6913298,0.024611556,0.157705318,0.817683126
6942757,0.114120271,0.635657635,0.250222094
6878344,0.182798799,0.52891633,0.288284871
6913318,0.062985079,0.527169685,0.409845235
6897615,0.175112778,0.481322837,0.343564385
6942679,0.036358744,0.36064965,0.602991606
6942994,0.114268456,0.613265618,0.272465926
6844688,0.07212812,0.338501566,0.589370314
6844433,0.081182042,0.408901556,0.509916402
7232909,0.198462611,0.543539061,0.257998329
7201503,0.155876627,0.404575267,0.439548106
7092959,0.077885719,0.457521498,0.464592784
7231705,0.099475788,0.443245483,0.457278729
7171586,0.156366783,0.455122394,0.388510823
7172256,0.236340193,0.17084906,0.592810748
6834955,0.015012135,0.147682712,0.837305153
7171057,0.111300014,0.495164522,0.393535464
7200454,0.114120271,0.635657635,0.250222094
7200990,0.057743159,0.469603571,0.47265327
7172309,0.073836008,0.355802326,0.570361666
7169818,0.026153804,0.149930305,0.823915891
7200575,0.071473984,0.569173389,0.359352627
7171018,0.311614684,0.424707672,0.263677645
7092672,0.110845519,0.49561892,0.393535561
7173258,0.062770614,0.318593022,0.618636364
7170369,0.066331522,0.559691757,0.373976721
6836724,0.041919616,0.295044883,0.663035501
7233442,0.481715959,0.330907468,0.187376573
7120654,0.090769105,0.45195838,0.457272514
7093286,0.053034291,0.315370516,0.631595193
7091154,0.023506686,0.176005481,0.800487833
7232972,0.0235067,0.176005422,0.800487878
7121053,0.105364318,0.283211614,0.611424069
7232264,0.104482165,0.501981743,0.393536092
7169826,0.115821609,0.573160924,0.311017467
7232711,0.145859922,0.507750375,0.346389703
7232292,0.083495809,0.431087266,0.485416925
6875012,0.031642412,0.136458637,0.831898951
7232788,0.076905585,0.563103117,0.359991298
7232021,0.048405492,0.373870089,0.577724419
7126967,0.053207831,0.321455291,0.625336878
7201612,0.079651101,0.35048505,0.569863849
7171805,0.481715911,0.330907636,0.187376453
7092482,0.239146967,0.367242626,0.393610407
7171756,0.032978501,0.188562914,0.778458584
7200463,0.450396945,0.363936664,0.185666391
7121537,0.156366707,0.45512208,0.388511214
7172322,0.083430316,0.496840299,0.419729384
6873347,0.044034454,0.543266669,0.412698877
7233294,0.054105013,0.280693773,0.665201214
7125963,0.103318386,0.374646032,0.522035582
7093008,0.052353171,0.641475571,0.306171257
7121143,0.057144971,0.558598281,0.384256748
7170492,0.0772428,0.319302478,0.603454721
7201027,0.108207988,0.660976076,0.230815936
7233430,0.508265685,0.34672954,0.145004775
7173005,0.073594812,0.309351072,0.617054116
7173697,0.058380351,0.34956493,0.592054719
7232208,0.035045307,0.262044548,0.702910144
6825060,0.026594186,0.181409143,0.791996671
7200859,0.072802525,0.545405836,0.381791639
7231801,0.052863646,0.285021106,0.662115248
7231806,0.053045967,0.278603945,0.668350088
7232894,0.044536104,0.17963175,0.775832146
7173097,0.329823449,0.29866688,0.371509671
7232134,0.229768624,0.301693905,0.46853747
7092760,0.052996825,0.272888678,0.674114497
7091129,0.237554946,0.293708057,0.468736997
7171284,0.057743085,0.469603823,0.472653092
7232456,0.061410645,0.399678446,0.538910909
6946738,0.01796956,0.250671986,0.731358455
7121281,0.038781696,0.287427131,0.673791173
7121221,0.230555229,0.222824938,0.546619833
7233440,0.053697335,0.610141771,0.336160895
7172729,0.317419693,0.393685923,0.288894384
7233027,0.183483398,0.58599313,0.230523473
7201132,0.111362548,0.498606544,0.390030908
7170188,0.038714205,0.341113097,0.620172698
7200451,0.053045978,0.278603864,0.668350158
7200749,0.45107018,0.30123459,0.247695229
7126587,0.065058906,0.467280554,0.46766054
6877101,0.004532182,0.024968245,0.970499572
7233399,0.162916775,0.490437194,0.346646032
7170701,0.071860134,0.465437419,0.462702448
7092240,0.074407537,0.379227702,0.546364761
7093174,0.091773437,0.569214275,0.339012288
7121506,0.091176996,0.447526953,0.461296051
7201469,0.265901399,0.345506212,0.388592389
7173163,0.116049489,0.565629808,0.318320703
7171174,0.198462687,0.543538793,0.25799852
7120717,0.450396703,0.363937796,0.185665501
7232534,0.071860081,0.465437565,0.462702354
7013442,0.157827041,0.449628524,0.392544435
6859615,0.313918693,0.309147751,0.376933556
7121243,0.254422113,0.461893153,0.283684733
7121551,0.052353148,0.641475668,0.306171184
